c[0] = 1.57809
c[1] = 4.04862
c[2] = 0.274839
c[3] = -2.09439
actual estimate difference
3.53513 3.64757 0.112444
2.04127 2.38715 0.345878
1.55381 1.88125 0.32744
3.3017 3.52918 0.227477
0.00812884 0.377417 0.369288
1.75292 2.01487 0.261946
-0.236405 0.0479852 0.28439
2.49461 2.81787 0.323259
1.99219 2.16987 0.177684
3.12308 3.56092 0.43784
2.28049 2.74529 0.464803
1.16333 1.37231 0.208979
1.0957 1.37363 0.27793
1.16366 1.44998 0.286321
0.0261185 0.150289 0.124171
0.802788 1.09487 0.292078
2.35527 2.61334 0.258069
2.08537 2.45815 0.37278
3.88816 4.07539 0.187234
2.39678 2.70652 0.30974
2.27411 2.515 0.240892
1.70845 1.94815 0.239703
2.0021 2.32084 0.318738
-0.120584 0.14914 0.269724
1.96472 2.26261 0.297887
3.55441 3.8663 0.311889
-0.781009 -0.57091 0.210099
0.608626 0.735537 0.126911
2.60257 2.89014 0.287569
1.89972 2.08495 0.185234
0.761605 1.10106 0.339452
0.0066427 0.403085 0.396442
