0.840188 0.394383 0.783099 0.79844 1.53707
0.197551 0.335223 0.76823 0.277775 1.3031
0.477397 0.628871 0.364784 0.513401 2.57821
0.916195 0.635712 0.717297 0.141603 3.9091
0.0163006 0.242887 0.137232 0.804177 -0.694851
0.400944 0.12979 0.108809 0.998925 -0.967927
0.512932 0.839112 0.61264 0.296032 3.79335
0.524287 0.493583 0.972775 0.292517 2.5029
0.526745 0.769914 0.400229 0.891529 2.05007
0.352458 0.807725 0.919026 0.0697553 4.08079
0.525995 0.0860558 0.192214 0.663227 0.119233
0.348893 0.0641713 0.020023 0.457702 -0.195371
0.23828 0.970634 0.902208 0.85092 2.50127
0.53976 0.375207 0.760249 0.512535 1.51675
0.531606 0.0392803 0.437638 0.931835 -0.630101
0.720952 0.284293 0.738534 0.639979 0.987673
0.687861 0.165974 0.440105 0.880075 0.174124
0.330337 0.228968 0.893372 0.35036 0.983921
0.956468 0.58864 0.657304 0.858676 2.11995
0.92397 0.398437 0.814767 0.684219 1.92991
0.482491 0.215825 0.950252 0.920128 -0.363416
0.881062 0.641081 0.431953 0.619596 2.66333
0.786002 0.307458 0.447034 0.226107 2.00517
0.276235 0.556444 0.416501 0.169607 2.72039
0.103171 0.126075 0.495444 0.760475 -0.521612
0.935004 0.684445 0.383188 0.749771 2.67512
0.29416 0.232262 0.584489 0.244413 0.908774
0.732149 0.125475 0.79347 0.164102 1.61163
0.0745298 0.950104 0.0525293 0.521563 2.85288
0.240062 0.797798 0.732654 0.656564 2.59055
0.639458 0.759735 0.0934805 0.134902 3.96145
0.0782321 0.0699064 0.204655 0.46142 -0.208313
0.573319 0.755581 0.0519388 0.157807 3.53513
0.999994 0.204329 0.889956 0.125468 2.04127
0.997799 0.0540576 0.87054 0.0723288 1.55381
0.00416161 0.923069 0.593892 0.180372 3.3017
0.163131 0.39169 0.913027 0.819695 0.00812884
0.359095 0.552485 0.57943 0.452576 1.75292
0.687387 0.0996401 0.530808 0.757294 -0.236405
0.304295 0.992228 0.576971 0.877614 2.49461
0.747809 0.62891 0.0354209 0.747803 1.99219
0.833239 0.925377 0.873271 0.831038 3.12308
0.979434 0.743811 0.903366 0.983596 2.28049
0.66688 0.497259 0.163968 0.830012 1.16333
0.888949 0.0769947 0.649707 0.248044 1.0957
0.62948 0.229137 0.70062 0.316867 1.16366
0.328777 0.231428 0.074161 0.633072 0.0261185
0.223656 0.651132 0.510686 0.971466 0.802788
0.280042 0.546107 0.719269 0.113281 2.35527
0.471483 0.59254 0.944318 0.450918 2.08537
0.336351 0.847684 0.434513 0.00323146 3.88816
0.344943 0.598481 0.833243 0.233892 2.39678
0.675476 0.48295 0.481936 0.304956 2.27411
0.712087 0.182556 0.621823 0.0408643 1.70845
0.413984 0.695984 0.673936 0.63764 2.0021
0.347116 0.184622 0.609106 0.627158 -0.120584
0.730729 0.328374 0.740438 0.202213 1.96472
0.920914 0.684757 0.65313 0.257265 3.55441
0.532441 0.0876436 0.260497 0.877384 -0.781009
0.686125 0.0937402 0.111276 0.361601 0.608626
0.576691 0.593211 0.666557 0.288778 2.60257
0.775767 0.288379 0.329642 0.189751 1.89972
0.984363 0.00357857 0.827391 0.331479 0.761605
0.188201 0.436497 0.958637 0.91893 0.0066427
